200000000 0.012552 21.563838 0.000531
200000000 0.010896 21.518388 0.000499
200000000 0.012166 21.638751 0.000506
200000000 0.011881 21.576394 0.000410
200000000 0.011603 21.495360 0.000523
200000000 0.012238 21.551486 0.000531
200000000 0.011299 21.699356 0.000525
200000000 0.011564 21.703079 0.000531
200000000 0.013321 21.601477 0.000533
200000000 0.012319 21.655878 0.000506
200000000 0.011042 21.865119 0.000531
200000000 0.011803 21.742527 0.000535
200000000 0.012266 21.666593 0.000531
200000000 0.011754 21.667472 0.000532
200000000 0.012427 21.762798 0.000531
200000000 0.011832 21.676526 0.000559
200000000 0.012085 21.061582 0.000410
200000000 0.011423 21.668631 0.000529
200000000 0.011256 21.781515 0.000533
200000000 0.011669 21.713090 0.000578
