400000000 0.012963 34.189168 0.000465
400000000 0.012253 34.078292 0.000449
400000000 0.011187 34.077737 0.000442
400000000 0.011965 34.077395 0.000479
400000000 0.011905 34.079089 0.000464
400000000 0.011609 34.081399 0.000448
400000000 0.011588 34.079872 0.000444
400000000 0.011716 34.083510 0.000450
400000000 0.012690 34.078601 0.000448
400000000 0.014628 34.079821 0.000451
400000000 0.012074 34.088287 0.000446
400000000 0.011820 34.078970 0.000442
400000000 0.011619 34.080804 0.000453
400000000 0.012561 34.092496 0.000436
400000000 0.011972 34.141428 0.000447
400000000 0.013517 34.081242 0.000445
400000000 0.013197 34.078457 0.000445
400000000 0.012056 34.079551 0.000483
400000000 0.011134 34.083188 0.000447
400000000 0.012161 34.079522 0.000467
400000000 0.011628 34.195157 0.000480
