900000000 0.011446 38.314305 0.000442
900000000 0.010890 38.314382 0.000523
900000000 0.011243 38.314384 0.000446
900000000 0.012760 38.314376 0.000432
900000000 0.013100 38.314224 0.000433
900000000 0.013812 38.314467 0.000493
900000000 0.010989 38.314344 0.000435
900000000 0.011518 38.314528 0.000436
900000000 0.011753 38.314242 0.000442
900000000 0.011015 38.314226 0.000445
900000000 0.012105 38.314291 0.000434
900000000 0.010860 38.314388 0.000455
900000000 0.011994 38.314401 0.000440
900000000 0.011596 38.314715 0.000437
900000000 0.013122 38.314435 0.000447
900000000 0.011928 38.314394 0.000457
900000000 0.012350 38.314319 0.000441
900000000 0.011269 38.314341 0.000443
900000000 0.012325 38.314427 0.000427
900000000 0.011672 38.314980 0.000430
