300000000 0.012012 25.653401 0.000461
300000000 0.011538 25.562980 0.000474
300000000 0.011804 25.562404 0.000444
300000000 0.011885 25.567779 0.000444
300000000 0.011749 25.602060 0.000450
300000000 0.011226 25.597271 0.000545
300000000 0.012839 25.576700 0.000454
300000000 0.011461 25.564039 0.000442
300000000 0.011292 25.564135 0.000443
300000000 0.012187 25.850792 0.000446
300000000 0.012281 25.578686 0.000456
300000000 0.011606 28.168521 0.000533
300000000 0.011527 26.963398 0.000452
300000000 0.012081 26.125032 0.000450
300000000 0.011058 25.575484 0.000441
300000000 0.012114 26.494439 0.000449
300000000 0.013228 25.579620 0.000450
300000000 0.013316 25.714736 0.000458
300000000 0.011306 25.566397 0.000443
300000000 0.011725 25.567198 0.000496
