500000000 0.013222 42.591618 0.000440
500000000 0.012913 42.636307 0.000462
500000000 0.012492 42.595906 0.000439
500000000 0.013120 42.616933 0.000451
500000000 0.012184 42.595250 0.000490
500000000 0.011026 42.608476 0.000451
500000000 0.011368 42.927032 0.000439
500000000 0.012185 42.603679 0.000441
500000000 0.011838 42.597142 0.000436
500000000 0.011343 43.873859 0.000445
500000000 0.012770 42.654333 0.000451
500000000 0.011258 42.594954 0.000448
500000000 0.011959 42.594556 0.000447
500000000 0.011773 42.595687 0.000441
500000000 0.011640 42.620713 0.000448
500000000 0.011529 42.590164 0.000510
500000000 0.011731 42.593833 0.000446
500000000 0.011052 42.599225 0.000455
500000000 0.012181 67.441714 0.000450
500000000 0.015705 90.804086 0.000439
