300000000 0.012376 12.778137 0.000437
300000000 0.011499 12.777814 0.000437
300000000 0.011450 13.382877 0.000429
300000000 0.011473 12.778896 0.000457
300000000 0.011919 20.279336 0.000435
300000000 0.012997 13.918764 0.000437
300000000 0.011070 13.273028 0.000426
300000000 0.011786 12.775668 0.000442
300000000 0.012850 12.773189 0.000437
300000000 0.013653 12.773165 0.000437
300000000 0.012996 12.773116 0.000473
300000000 0.012228 12.773191 0.000427
300000000 0.013042 12.773250 0.000434
300000000 0.012953 12.773088 0.000439
300000000 0.011994 12.773186 0.000437
300000000 0.011433 12.773145 0.000435
300000000 0.012049 12.773207 0.000447
300000000 0.013201 12.773032 0.000458
300000000 0.013376 12.773051 0.000451
300000000 0.011552 12.773027 0.000437
