250000000 0.011899 27.082701 0.000520
250000000 0.012739 27.084519 0.000508
250000000 0.011821 26.948321 0.000408
250000000 0.013145 26.900491 0.000421
250000000 0.011773 27.688759 0.000503
250000000 0.012239 26.982766 0.000504
250000000 0.011587 27.097051 0.000543
250000000 0.011233 27.172852 0.000244
250000000 0.009946 27.247550 0.000278
250000000 0.014575 27.042278 0.000513
250000000 0.011971 27.172484 0.000604
250000000 0.013108 26.936117 0.000502
250000000 0.013139 26.971277 0.000502
250000000 0.013216 26.965338 0.000506
250000000 0.012746 27.087606 0.000493
250000000 0.011891 27.030124 0.000417
250000000 0.011881 27.036298 0.000505
250000000 0.011169 27.021343 0.000527
250000000 0.012114 26.986340 0.000515
250000000 0.013494 26.989318 0.000505
