350000000 0.011643 30.089088 0.000442
350000000 0.011371 29.982625 0.000450
350000000 0.013079 29.838671 0.000445
350000000 0.011276 30.238221 0.000453
350000000 0.011687 29.851373 0.000451
350000000 0.012806 29.825572 0.000444
350000000 0.011850 29.932563 0.000499
350000000 0.011345 29.820993 0.000443
350000000 0.011870 29.822004 0.000449
350000000 0.012803 29.824665 0.000440
350000000 0.011919 29.854431 0.000446
350000000 0.011693 29.826199 0.000497
350000000 0.012674 29.823168 0.000456
350000000 0.011305 29.960048 0.000446
350000000 0.012154 29.986903 0.000445
350000000 0.014206 29.821457 0.000461
350000000 0.012819 29.820806 0.000470
350000000 0.011745 29.821700 0.000467
350000000 0.013402 29.818612 0.000443
350000000 0.012147 29.823526 0.000459
350000000 0.011911 29.825942 0.000429
