100000000 0.012261 8.537636 0.000447
100000000 0.012389 8.535811 0.000446
100000000 0.012070 8.537164 0.000448
100000000 0.010306 8.537128 0.000371
100000000 0.011876 8.536864 0.000444
100000000 0.011610 8.542079 0.000450
100000000 0.012029 8.538364 0.000459
100000000 0.013002 8.543423 0.000449
100000000 0.011462 8.536461 0.000454
100000000 0.012279 8.534103 0.000463
100000000 0.013433 8.535939 0.000449
100000000 0.012710 8.551960 0.000441
100000000 0.011270 8.536684 0.000445
100000000 0.011644 8.542825 0.000438
100000000 0.011923 8.541440 0.000434
100000000 0.011715 8.540650 0.000454
100000000 0.011801 8.537210 0.000452
100000000 0.012641 8.535357 0.000450
100000000 0.012039 8.538563 0.000456
100000000 0.011195 8.537852 0.000450
