50000000 0.015198 4.334956 0.000541
50000000 0.012036 4.282576 0.000444
50000000 0.012223 4.280427 0.000449
50000000 0.012128 4.282691 0.000485
50000000 0.011337 4.281974 0.000438
50000000 0.012297 4.279120 0.000433
50000000 0.012256 4.279584 0.000449
50000000 0.011504 4.275253 0.000442
50000000 0.012110 4.280460 0.000445
50000000 0.012021 4.275336 0.000441
50000000 0.012020 4.282667 0.000439
50000000 0.013224 4.281510 0.000439
50000000 0.011898 4.286827 0.000454
50000000 0.011641 4.280339 0.000446
50000000 0.013784 4.283448 0.000447
50000000 0.012938 4.280838 0.000445
50000000 0.012216 4.277440 0.000449
50000000 0.012082 4.281195 0.000472
50000000 0.011437 4.280872 0.000450
50000000 0.011393 4.276526 0.000439
