450000000 0.000436 38.313383 0.000040
450000000 0.000392 38.313381 0.000052
450000000 0.000421 38.313381 0.000049
450000000 0.000389 38.313448 0.000047
450000000 0.000414 38.313536 0.000044
450000000 0.000393 38.313315 0.000054
450000000 0.000431 38.315811 0.000049
450000000 0.000396 38.313299 0.000043
450000000 0.000394 38.313311 0.000044
450000000 0.000432 38.313365 0.000047
450000000 0.000568 38.313475 0.000043
450000000 0.000397 38.313416 0.000051
450000000 0.000425 38.313312 0.000046
450000000 0.000404 38.313265 0.000047
450000000 0.000433 38.313396 0.000051
450000000 0.000399 38.313388 0.000047
450000000 0.000393 38.313384 0.000045
450000000 0.000396 38.313381 0.000047
450000000 0.000395 38.313295 0.000045
450000000 0.000386 38.313359 0.000052
