300000000 0.000430 25.542743 0.000044
300000000 0.000416 25.542814 0.000046
300000000 0.000369 25.542754 0.000045
300000000 0.000367 25.542739 0.000046
300000000 0.000448 25.542681 0.000043
300000000 0.000429 25.542792 0.000038
300000000 0.000434 25.542741 0.000043
300000000 0.000446 25.542758 0.000047
300000000 0.000417 25.542689 0.000045
300000000 0.000443 25.542761 0.000049
300000000 0.000413 25.542769 0.000044
300000000 0.000419 25.542690 0.000045
300000000 0.000423 25.542750 0.000049
300000000 0.000490 25.542729 0.000049
300000000 0.000425 25.542755 0.000044
300000000 0.000417 25.542733 0.000045
300000000 0.000516 25.542710 0.000045
300000000 0.000435 25.542760 0.000048
300000000 0.000425 25.542707 0.000045
300000000 0.000446 25.542738 0.000049
