250000000 0.000398 21.285835 0.000044
250000000 0.000446 21.285862 0.000047
250000000 0.000384 21.285805 0.000047
250000000 0.000407 21.285791 0.000050
250000000 0.000397 21.285896 0.000051
250000000 0.000439 21.285788 0.000049
250000000 0.000408 21.285800 0.000047
250000000 0.000425 21.285849 0.000051
250000000 0.000431 21.285835 0.000047
250000000 0.000423 21.285787 0.000038
250000000 0.000392 21.285865 0.000043
250000000 0.000421 21.285836 0.000048
250000000 0.000390 21.285864 0.000047
250000000 0.000420 21.285841 0.000047
250000000 0.000404 21.285931 0.000045
250000000 0.000382 21.285895 0.000051
250000000 0.000428 21.285818 0.000051
250000000 0.000422 21.285842 0.000044
250000000 0.000377 21.285882 0.000049
250000000 0.000474 21.285767 0.000039
