100000000 0.000289 8.514913 0.000039
100000000 0.000315 8.515843 0.000038
100000000 0.000347 8.516359 0.000028
100000000 0.000276 8.517332 0.000040
100000000 0.000339 8.517675 0.000040
100000000 0.000310 8.514986 0.000040
100000000 0.000316 8.517935 0.000038
100000000 0.000316 8.514966 0.000040
100000000 0.000310 8.516154 0.000038
100000000 0.000327 8.515899 0.000039
100000000 0.000349 8.514912 0.000039
100000000 0.000308 8.519227 0.000038
100000000 0.000325 8.515532 0.000040
100000000 0.000327 8.517864 0.000041
100000000 0.000328 8.516971 0.000040
100000000 0.000314 8.517051 0.000038
100000000 0.000333 8.523922 0.000038
100000000 0.000313 8.515690 0.000038
100000000 0.000332 8.514948 0.000039
100000000 0.000299 8.514905 0.000039
