350000000 0.000429 29.799718 0.000048
350000000 0.000446 29.799613 0.000049
350000000 0.000438 29.801958 0.000049
350000000 0.000445 29.799728 0.000045
350000000 0.000439 29.799628 0.000048
350000000 0.000448 29.799662 0.000050
350000000 0.000495 29.799635 0.000047
350000000 0.000445 29.799587 0.000047
350000000 0.000386 29.799583 0.000048
350000000 0.000392 29.799603 0.000051
350000000 0.000480 29.799564 0.000050
350000000 0.000407 29.799530 0.000045
350000000 0.000529 29.799637 0.000047
350000000 0.000474 29.799682 0.000027
350000000 0.000384 29.799645 0.000048
350000000 0.000419 29.799546 0.000039
350000000 0.000452 29.799592 0.000049
350000000 0.000453 29.799643 0.000050
350000000 0.000412 29.799534 0.000047
350000000 0.000427 29.799627 0.000050
