200000000 0.000397 17.029015 0.000048
200000000 0.000422 17.028988 0.000048
200000000 0.000426 17.029078 0.000050
200000000 0.000409 17.028928 0.000047
200000000 0.000407 17.028995 0.000049
200000000 0.000459 17.028946 0.000049
200000000 0.000427 17.028907 0.000052
200000000 0.000386 17.029059 0.000048
200000000 0.000464 17.028996 0.000048
200000000 0.000431 17.029068 0.000047
200000000 0.000439 17.029072 0.000044
200000000 0.000503 17.030350 0.000044
200000000 0.000437 17.028959 0.000047
200000000 0.000414 17.028945 0.000049
200000000 0.000426 17.029187 0.000049
200000000 0.000369 17.028887 0.000045
200000000 0.000397 17.029032 0.000051
200000000 0.000443 17.029016 0.000052
200000000 0.000408 17.028955 0.000050
200000000 0.000397 17.028953 0.000050
