150000000 0.000419 12.772102 0.000044
150000000 0.000438 12.772065 0.000050
150000000 0.000389 12.772027 0.000046
150000000 0.000398 12.772100 0.000049
150000000 0.000436 12.772847 0.000048
150000000 0.000387 12.772064 0.000049
150000000 0.000436 12.772200 0.000046
150000000 0.000416 12.772113 0.000048
150000000 0.000410 12.772084 0.000046
150000000 0.000429 12.772137 0.000088
150000000 0.000393 12.772085 0.000044
150000000 0.000446 12.772767 0.000048
150000000 0.000436 12.772095 0.000047
150000000 0.000428 12.772064 0.000044
150000000 0.000445 12.772036 0.000051
150000000 0.000418 12.772060 0.000050
150000000 0.000387 12.772026 0.000048
150000000 0.000394 12.772088 0.000046
150000000 0.000387 12.772734 0.000048
150000000 0.000443 12.772107 0.000039
