500000000 0.000323 42.548761 0.000042
500000000 0.000304 42.548991 0.000039
500000000 0.000589 42.548822 0.000040
500000000 0.000334 42.550849 0.000036
500000000 2.999581 42.550765 0.000040
500000000 2.998871 42.550681 0.000040
500000000 2.999188 42.551826 0.000040
500000000 0.000300 42.550755 0.000040
500000000 0.000327 42.551886 0.000043
500000000 0.000308 42.548810 0.000042
500000000 0.000365 42.548772 0.000040
500000000 0.000358 42.548932 0.000044
500000000 0.000336 42.549165 0.000035
500000000 0.001798 42.551314 0.000038
500000000 0.000326 42.549203 0.000040
500000000 0.000317 42.555612 0.000041
500000000 0.000350 42.550924 0.000044
500000000 0.000403 42.548817 0.000040
500000000 0.000314 42.550696 0.000039
500000000 0.000329 42.548742 0.000039
