50000000 0.000407 4.260972 0.000041
50000000 0.000333 4.258894 0.000039
50000000 0.000313 4.258093 0.000039
50000000 0.000312 4.259226 0.000041
50000000 0.000305 4.258426 0.000039
50000000 0.000328 4.260376 0.000047
50000000 0.000321 4.259462 0.000038
50000000 0.000325 4.259372 0.000039
50000000 0.000311 4.258096 0.000038
50000000 0.000335 4.258130 0.000041
50000000 0.000301 4.258255 0.000039
50000000 0.000306 4.260316 0.000043
50000000 0.000353 4.258007 0.000028
50000000 0.000283 4.258172 0.000039
50000000 0.000322 4.259425 0.000038
50000000 0.000328 4.259325 0.000040
50000000 0.000295 4.259791 0.000038
50000000 0.000321 4.260500 0.000039
50000000 0.000352 4.258071 0.000038
50000000 0.000335 4.258101 0.000039
