400000000 0.000395 34.056491 0.000051
400000000 0.000433 34.056534 0.000045
400000000 0.000435 34.056572 0.000047
400000000 0.000395 34.056489 0.000046
400000000 0.000396 34.056513 0.000044
400000000 0.000417 34.056592 0.000054
400000000 0.000424 34.056513 0.000047
400000000 0.000422 34.056445 0.000043
400000000 0.000428 34.056546 0.000044
400000000 0.000428 34.057977 0.000051
400000000 0.000398 34.056454 0.000048
400000000 0.000399 34.056579 0.000048
400000000 0.000420 34.056591 0.000046
400000000 0.000395 34.056520 0.000043
400000000 0.000410 34.056487 0.000037
400000000 0.000422 34.056510 0.000045
400000000 0.000395 34.056504 0.000049
400000000 0.000419 34.056505 0.000041
400000000 0.000397 34.056458 0.000045
400000000 0.000411 34.056495 0.000045
