400000000 0.035049 43.797414 0.000068
400000000 0.034948 43.706309 0.000069
400000000 0.034376 43.848450 0.000089
400000000 0.032527 43.618027 0.000068
400000000 0.033613 45.253175 0.000066
400000000 0.032670 44.997515 0.000069
400000000 0.033142 43.997384 0.000066
400000000 0.033133 43.767055 0.000068
400000000 0.033927 43.698865 0.000040
400000000 0.035662 43.693153 0.000072
400000000 0.033074 43.715587 0.000084
400000000 0.033218 43.692324 0.000066
400000000 0.032787 43.927543 0.000088
400000000 0.033156 43.855090 0.000069
400000000 0.033262 43.834183 0.000070
400000000 0.032740 43.672346 0.000067
400000000 0.032881 43.843289 0.000067
400000000 0.033606 43.709032 0.000066
400000000 0.032794 43.735319 0.000068
400000000 0.033459 43.841672 0.000039
