50000000 0.035824 5.536085 0.000068
50000000 0.034895 5.609233 0.000069
50000000 0.033101 5.668198 0.000074
50000000 0.032641 5.600925 0.000040
50000000 0.034373 5.544318 0.000069
50000000 0.033026 5.544235 0.000038
50000000 0.032955 5.503837 0.000072
50000000 0.033476 5.469010 0.000073
50000000 0.035059 5.472191 0.000069
50000000 0.033369 5.522156 0.000066
50000000 0.033653 5.471512 0.000067
50000000 0.033713 5.453945 0.000068
50000000 0.033479 5.473119 0.000065
50000000 0.032983 5.478581 0.000068
50000000 0.033046 5.475068 0.000069
50000000 0.032903 5.491522 0.000072
50000000 0.032834 5.520585 0.000069
50000000 0.033018 5.488909 0.000039
50000000 0.032628 5.525368 0.000068
50000000 0.034478 5.479951 0.000067
