100000000 0.033045 11.053893 0.000071
100000000 0.032809 10.953264 0.000065
100000000 0.033773 10.952735 0.000066
100000000 0.032613 10.927735 0.000098
100000000 0.033195 10.941158 0.000068
100000000 0.033777 10.953743 0.000068
100000000 0.033201 10.956229 0.000067
100000000 0.033645 10.943581 0.000067
100000000 0.032562 11.032125 0.000081
100000000 0.032754 10.979120 0.000067
100000000 0.033780 10.954798 0.000067
100000000 0.032953 11.032340 0.000067
100000000 0.032688 11.012337 0.000069
100000000 0.033155 11.017390 0.000067
100000000 0.032686 10.965748 0.000066
100000000 0.033045 10.976819 0.000067
100000000 0.032567 10.990197 0.000067
100000000 0.033942 10.987792 0.000069
100000000 0.033542 11.028014 0.000068
100000000 0.035050 11.010764 0.000070
