450000000 0.033326 49.322204 0.000066
450000000 0.033759 49.150914 0.000068
450000000 0.033410 49.260688 0.000068
450000000 0.032664 49.221578 0.000068
450000000 0.033000 49.534934 0.000067
450000000 0.033100 49.189865 0.000067
450000000 0.032925 49.573573 0.000073
450000000 0.033582 49.318078 0.000066
450000000 0.032713 49.808997 0.000039
450000000 0.033182 49.151578 0.000066
450000000 0.033665 49.173830 0.000069
450000000 0.035548 49.193485 0.000036
450000000 0.033319 49.303309 0.000038
450000000 0.032963 49.184344 0.000068
450000000 0.033458 49.174225 0.000069
450000000 0.033152 49.233523 0.000122
450000000 0.033674 49.139344 0.000070
450000000 0.033771 50.089633 0.000076
450000000 0.033775 49.276657 0.000068
450000000 0.032992 49.190616 0.000070
