250000000 0.034165 27.488887 0.000067
250000000 0.034431 27.426810 0.000066
250000000 0.034772 27.510171 0.000066
250000000 0.033599 27.507478 0.000038
250000000 0.032551 27.296547 0.000068
250000000 0.033407 27.320473 0.000077
250000000 0.033443 27.262844 0.000065
250000000 0.033865 27.332363 0.000067
250000000 0.033569 27.463452 0.000129
250000000 0.033178 27.514170 0.000076
250000000 0.033328 27.414613 0.000065
250000000 0.032798 27.446822 0.000082
250000000 0.033354 27.559073 0.000068
250000000 0.032573 27.405909 0.000064
250000000 0.032852 27.480403 0.000083
250000000 0.033704 27.530341 0.000068
250000000 0.033309 27.501043 0.000067
250000000 0.033255 27.565499 0.000072
250000000 0.033588 27.451348 0.000069
250000000 0.033862 27.504474 0.000068
