300000000 0.033697 32.902630 0.000078
300000000 0.033266 32.839359 0.000068
300000000 0.036141 32.845746 0.000069
300000000 0.034001 32.883609 0.000071
300000000 0.033368 32.948114 0.000066
300000000 0.033415 32.855976 0.000068
300000000 0.035189 32.872188 0.000076
300000000 0.032401 32.886872 0.000077
300000000 0.033169 32.830866 0.000069
300000000 0.037607 32.960284 0.000067
300000000 0.033777 32.831564 0.000065
300000000 0.032505 32.813368 0.000038
300000000 0.033561 32.895745 0.000069
300000000 0.032806 32.803203 0.000070
300000000 0.032671 32.927836 0.000066
300000000 0.033591 32.902444 0.000066
300000000 0.033122 32.936498 0.000067
300000000 0.033218 32.864758 0.000040
300000000 0.036702 32.932820 0.000067
300000000 0.032576 33.089813 0.000068
