500000000 0.033027 54.817984 0.000038
500000000 0.033187 55.560566 0.000067
500000000 0.032971 54.736413 0.000070
500000000 0.034044 54.804278 0.000070
500000000 0.033770 54.801512 0.000069
500000000 0.035661 54.898678 0.000069
500000000 0.033763 55.340966 0.000065
500000000 0.034412 54.804822 0.000069
500000000 0.034614 54.636221 0.000074
500000000 0.035168 54.508830 0.000069
500000000 0.034193 54.830288 0.000039
500000000 0.033633 54.825218 0.000038
500000000 0.033036 54.882186 0.000068
500000000 0.035133 54.760906 0.000412
500000000 0.033517 54.897949 0.000067
500000000 0.033334 55.092998 0.000066
500000000 0.033044 54.934580 0.000069
500000000 0.035699 55.077183 0.000070
500000000 0.033885 54.970428 0.000067
500000000 0.032938 55.036611 0.000067
