150000000 0.034924 16.514273 0.000066
150000000 0.033147 16.534135 0.000067
150000000 0.036718 16.531877 0.000069
150000000 0.033022 16.537009 0.000046
150000000 0.033487 16.542942 0.000035
150000000 0.033186 16.513416 0.000079
150000000 0.032590 16.491041 0.000067
150000000 0.034840 16.549773 0.000066
150000000 0.035335 16.654954 0.000068
150000000 0.033578 16.578641 0.000068
150000000 0.033955 16.527233 0.000070
150000000 0.034126 16.525101 0.000079
150000000 0.034679 16.597828 0.000067
150000000 0.033190 16.494182 0.000064
150000000 0.032719 16.557342 0.000069
150000000 0.033871 16.529413 0.000038
150000000 0.033193 16.535272 0.000066
150000000 0.035178 16.584663 0.000067
150000000 0.033291 16.547984 0.000067
150000000 0.033690 16.550626 0.000068
