200000000 0.033194 22.132570 0.000126
200000000 0.033211 21.996882 0.000065
200000000 0.032811 22.093921 0.000064
200000000 0.033248 22.075179 0.000066
200000000 0.036382 22.019919 0.000065
200000000 0.034994 22.077385 0.000068
200000000 0.037436 22.070376 0.000038
200000000 0.033580 22.170557 0.000070
200000000 0.033905 21.945998 0.000066
200000000 0.033524 21.938186 0.000065
200000000 0.032711 21.946256 0.000071
200000000 0.034499 21.970981 0.000081
200000000 0.036495 21.880359 0.000070
200000000 0.033798 21.972214 0.000081
200000000 0.032586 21.901508 0.000038
200000000 0.033619 21.989866 0.000066
200000000 0.032752 21.952311 0.000222
200000000 0.036802 21.998308 0.000067
200000000 0.035629 21.971316 0.000065
200000000 0.033481 22.006083 0.000068
