350000000 0.033099 38.602384 0.000068
350000000 0.033977 38.609822 0.000071
350000000 0.032871 38.584169 0.000066
350000000 0.032887 38.273384 0.000071
350000000 0.032794 38.379509 0.000071
350000000 0.033160 38.245258 0.000035
350000000 0.032693 38.814252 0.000070
350000000 0.032876 38.226380 0.000075
350000000 0.034365 38.266062 0.000068
350000000 0.032521 38.267996 0.000038
350000000 0.032878 38.279709 0.000068
350000000 0.032296 38.282650 0.000067
350000000 0.032587 38.283311 0.000089
350000000 0.033170 38.342768 0.000070
350000000 0.034280 38.497389 0.000065
350000000 0.035557 38.329904 0.000068
350000000 0.032646 38.369997 0.000068
350000000 0.032664 38.243222 0.000069
350000000 0.032888 38.402713 0.000066
350000000 0.033159 38.331588 0.000068
