500000000 0.000008 0.208296 0.000010
500000000 0.000007 0.196324 0.000011
500000000 0.000009 0.236382 0.000009
500000000 0.000007 0.175383 0.000008
500000000 0.000007 0.174725 0.000010
500000000 0.000006 0.201023 0.000015
500000000 0.000008 0.215045 0.000010
500000000 0.000007 0.175373 0.000010
500000000 0.000007 0.175812 0.000011
500000000 0.000007 0.207164 0.000017
500000000 0.000012 0.237475 0.000010
500000000 0.000007 0.193704 0.000010
500000000 0.000008 0.216555 0.000010
500000000 0.000008 0.206224 0.000009
500000000 0.000007 0.199377 0.000009
500000000 0.000007 0.184661 0.000009
500000000 0.000009 0.265987 0.000010
500000000 0.000007 0.175715 0.000009
500000000 0.000007 0.176768 0.000010
500000000 0.000007 0.227925 0.000011
