300000000 0.000081 0.136877 0.000011
300000000 0.000077 0.114083 0.000014
300000000 0.000007 0.115973 0.000014
300000000 0.000008 0.146986 0.000010
300000000 0.000008 0.121915 0.000014
300000000 0.000007 0.106331 0.000010
300000000 0.000006 0.120292 0.000010
300000000 0.000007 0.106323 0.000009
300000000 0.000008 0.106712 0.000012
300000000 0.000010 0.160055 0.000010
300000000 0.000008 0.105915 0.000011
300000000 0.000007 0.119413 0.000011
300000000 0.000007 0.118999 0.000010
300000000 0.000008 0.130389 0.000011
300000000 0.000007 0.145831 0.000011
300000000 0.000007 0.118160 0.000011
300000000 0.000008 0.105861 0.000009
300000000 0.000008 0.118447 0.000010
300000000 0.000007 0.105502 0.000010
300000000 0.000006 0.137329 0.000015
