200000000 0.000010 0.096842 0.000010
200000000 0.000008 0.071101 0.000006
200000000 0.000006 0.073712 0.000010
200000000 0.000075 0.082115 0.000011
200000000 0.000008 0.086938 0.000010
200000000 0.000008 0.071500 0.000009
200000000 0.000007 0.071196 0.000009
200000000 0.000007 0.100417 0.000011
200000000 0.000008 0.097392 0.000010
200000000 0.000008 0.089270 0.000010
200000000 0.000007 0.073492 0.000009
200000000 0.000007 0.074119 0.000009
200000000 0.000007 0.081030 0.000010
200000000 0.000008 0.080864 0.000010
200000000 0.000007 0.078803 0.000010
200000000 0.000007 0.071328 0.000009
200000000 0.000027 0.120207 0.000017
200000000 0.000017 0.097039 0.000009
200000000 0.000006 0.072232 0.000011
200000000 0.000008 0.071549 0.000009
