100000000 0.000009 0.035574 0.000007
100000000 0.000007 0.040123 0.000009
100000000 0.000007 0.039691 0.000011
100000000 0.000071 0.042351 0.000009
100000000 0.000078 0.036207 0.000008
100000000 0.000007 0.036296 0.000010
100000000 0.000008 0.035484 0.000007
100000000 0.000008 0.035617 0.000008
100000000 0.000010 0.036064 0.000009
100000000 0.000007 0.035814 0.000009
100000000 0.000007 0.035545 0.000007
100000000 0.000008 0.038709 0.000008
100000000 0.000006 0.036085 0.000009
100000000 0.000007 0.037287 0.000008
100000000 0.000006 0.035862 0.000006
100000000 0.000070 0.037123 0.000007
100000000 0.000010 0.049815 0.000015
100000000 0.000090 0.065335 0.000015
100000000 0.000011 0.042752 0.000010
100000000 0.000006 0.045647 0.000010
