150000000 0.000072 0.055910 0.000009
150000000 0.000007 0.054861 0.000009
150000000 0.000007 0.056096 0.000009
150000000 0.000009 0.053836 0.000007
150000000 0.000007 0.053763 0.000007
150000000 0.000007 0.055433 0.000011
150000000 0.000008 0.060292 0.000010
150000000 0.000007 0.085350 0.000016
150000000 0.000008 0.085669 0.000010
150000000 0.000007 0.058577 0.000010
150000000 0.000007 0.053968 0.000009
150000000 0.000007 0.053394 0.000008
150000000 0.000071 0.054121 0.000009
150000000 0.000007 0.053775 0.000008
150000000 0.000007 0.053715 0.000010
150000000 0.000007 0.056961 0.000007
150000000 0.000008 0.054235 0.000009
150000000 0.000007 0.053463 0.000011
150000000 0.000007 0.055397 0.000009
150000000 0.000074 0.063983 0.000015
