350000000 0.000008 0.159906 0.000010
350000000 0.000007 0.147676 0.000010
350000000 0.000007 0.144351 0.000009
350000000 0.000007 0.133645 0.000009
350000000 0.000007 0.152406 0.000014
350000000 0.000008 0.157587 0.000009
350000000 0.000007 0.138044 0.000012
350000000 0.000007 0.131408 0.000009
350000000 0.000008 0.138042 0.000016
350000000 0.000073 0.165170 0.000010
350000000 0.000006 0.128835 0.000009
350000000 0.000076 0.124671 0.000010
350000000 0.000078 0.124036 0.000009
350000000 0.000071 0.163968 0.000012
350000000 0.000009 0.159915 0.000010
350000000 0.000007 0.124397 0.000010
350000000 0.000007 0.137641 0.000009
350000000 0.000009 0.133816 0.000009
350000000 0.000007 0.167579 0.000022
350000000 0.000015 0.125811 0.000011
