50000000 0.000007 0.019342 0.000009
50000000 0.000006 0.018357 0.000008
50000000 0.000006 0.018402 0.000010
50000000 0.000008 0.018014 0.000007
50000000 0.000006 0.021179 0.000008
50000000 0.000008 0.018073 0.000007
50000000 0.000006 0.018315 0.000006
50000000 0.000006 0.017985 0.000006
50000000 0.000006 0.019986 0.000007
50000000 0.000007 0.018272 0.000009
50000000 0.000007 0.019182 0.000007
50000000 0.000006 0.018408 0.000010
50000000 0.000021 0.019920 0.000009
50000000 0.000007 0.018462 0.000007
50000000 0.000007 0.017993 0.000006
50000000 0.000006 0.023948 0.000015
50000000 0.000009 0.025418 0.000012
50000000 0.000008 0.024553 0.000015
50000000 0.000009 0.034047 0.000015
50000000 0.000010 0.024052 0.000009
