250000000 0.000007 0.090035 0.000009
250000000 0.000007 0.089935 0.000010
250000000 0.000007 0.094641 0.000014
250000000 0.000009 0.144830 0.000011
250000000 0.000007 0.089599 0.000008
250000000 0.000007 0.088504 0.000009
250000000 0.000009 0.088585 0.000009
250000000 0.000007 0.091146 0.000009
250000000 0.000007 0.105932 0.000009
250000000 0.000007 0.090943 0.000008
250000000 0.000007 0.104406 0.000012
250000000 0.000009 0.116485 0.000010
250000000 0.000071 0.092476 0.000007
250000000 0.000008 0.092259 0.000010
250000000 0.000008 0.105081 0.000010
250000000 0.000007 0.105565 0.000010
250000000 0.000009 0.090923 0.000009
250000000 0.000008 0.108850 0.000015
250000000 0.000009 0.123806 0.000010
250000000 0.000007 0.100684 0.000011
