450000000 0.000007 0.199283 0.000010
450000000 0.000007 0.176300 0.000013
450000000 0.000009 0.157511 0.000010
450000000 0.000007 0.175847 0.000015
450000000 0.000008 0.198252 0.000010
450000000 0.000007 0.170758 0.000009
450000000 0.000075 0.161800 0.000010
450000000 0.000008 0.169827 0.000013
450000000 0.000008 0.205460 0.000010
450000000 0.000007 0.159107 0.000010
450000000 0.000007 0.172606 0.000009
450000000 0.000006 0.199773 0.000010
450000000 0.000007 0.162546 0.000008
450000000 0.000007 0.168978 0.000010
450000000 0.000006 0.174868 0.000009
450000000 0.000007 0.184555 0.000016
450000000 0.000009 0.191758 0.000009
450000000 0.000006 0.177795 0.000010
450000000 0.000007 0.189092 0.000015
450000000 0.000009 0.198104 0.000010
