400000000 0.000007 0.150558 0.000010
400000000 0.000010 0.165664 0.000009
400000000 0.000007 0.141159 0.000011
400000000 0.000008 0.181893 0.000010
400000000 0.000007 0.157125 0.000010
400000000 0.000007 0.157866 0.000011
400000000 0.000007 0.142024 0.000010
400000000 0.000007 0.199242 0.000011
400000000 0.000007 0.162298 0.000008
400000000 0.000006 0.148737 0.000010
400000000 0.000010 0.142723 0.000009
400000000 0.000007 0.164916 0.000013
400000000 0.000011 0.177667 0.000010
400000000 0.000007 0.140529 0.000010
400000000 0.000007 0.141214 0.000008
400000000 0.000006 0.180011 0.000013
400000000 0.000010 0.166356 0.000010
400000000 0.000007 0.150501 0.000012
400000000 0.000007 0.164689 0.000011
400000000 0.000008 0.147231 0.000009
