150000000 0.017047 6.402776 0.000101
150000000 0.016255 6.410959 0.000104
150000000 0.016711 6.413810 0.000105
150000000 0.017239 6.410332 0.000104
150000000 0.016861 6.402555 0.000103
150000000 0.017115 6.405635 0.000107
150000000 0.016933 6.404488 0.000103
150000000 0.016330 6.400835 0.000050
150000000 0.016154 6.401657 0.000103
150000000 0.016509 6.407380 0.000105
150000000 0.016512 6.403388 0.000135
150000000 0.017011 6.402806 0.000104
150000000 0.016592 6.403982 0.000103
150000000 0.016494 6.411911 0.000104
150000000 0.018238 6.402882 0.000103
150000000 0.016419 6.402605 0.000107
150000000 0.017085 6.403657 0.000105
150000000 0.017258 6.405449 0.000102
150000000 0.016953 6.406676 0.000105
150000000 0.016523 6.407443 0.000103
