400000000 0.014993 34.133530 0.000116
400000000 0.015723 34.125315 0.000116
400000000 0.015609 34.130458 0.000115
400000000 0.015326 34.126862 0.000115
400000000 0.017716 34.133723 0.000118
400000000 0.016448 34.123974 0.000117
400000000 0.015314 34.127646 0.000116
400000000 0.014984 34.132103 0.000116
400000000 0.014990 34.128555 0.000115
400000000 0.015344 34.125543 0.000115
400000000 0.015310 34.123874 0.000115
400000000 0.015318 34.130002 0.000116
400000000 0.015214 34.129488 0.000117
400000000 0.015242 34.126923 0.000115
400000000 0.015327 34.128362 0.000115
400000000 0.015757 34.131655 0.000117
400000000 0.015246 34.123288 0.000115
400000000 0.015291 34.126855 0.000117
400000000 0.015084 34.127952 0.000118
400000000 0.015140 34.129151 0.000116
