450000000 0.016437 19.184787 0.000105
450000000 0.016373 19.191352 0.000105
450000000 0.016643 19.187750 0.000104
450000000 0.016493 19.185698 0.000104
450000000 0.016580 19.186268 0.000105
450000000 0.016938 19.188548 0.000105
450000000 0.016902 19.186780 0.000105
450000000 0.016450 19.186624 0.000103
450000000 0.017159 19.190220 0.000105
450000000 0.016585 19.186240 0.000105
450000000 0.016197 19.184615 0.000106
450000000 0.016666 19.185655 0.000105
450000000 0.017091 19.193707 0.000104
450000000 0.016843 19.188024 0.000105
450000000 0.016946 19.186353 0.000105
450000000 0.016572 19.185705 0.000103
450000000 0.016600 19.188551 0.000105
450000000 0.016640 19.188201 0.000105
450000000 0.016733 19.192102 0.000106
450000000 0.016279 19.188778 0.000107
