100000000 0.015618 8.563178 0.000126
100000000 0.015303 8.558010 0.000117
100000000 0.015289 8.558482 0.000117
100000000 0.015155 8.559778 0.000116
100000000 0.015248 8.556887 0.000116
100000000 0.015084 8.558332 0.000116
100000000 0.015181 8.565494 0.000117
100000000 0.017320 8.562555 0.000116
100000000 0.015372 8.561115 0.000118
100000000 0.016185 8.559546 0.000116
100000000 0.015153 8.556264 0.000117
100000000 0.015397 8.562525 0.000116
100000000 0.016120 8.558543 0.000116
100000000 0.015423 8.558826 0.000116
100000000 0.015046 8.556743 0.000117
100000000 0.015262 8.561272 0.000116
100000000 0.015129 8.561561 0.000118
100000000 0.015422 8.560854 0.000116
100000000 0.015042 8.565538 0.000117
100000000 0.015056 8.561430 0.000114
