350000000 0.015822 29.867266 0.000126
350000000 0.015334 29.871641 0.000116
350000000 0.015132 29.868208 0.000115
350000000 0.014944 29.866714 0.000116
350000000 0.015239 29.865455 0.000116
350000000 0.014941 29.866491 0.000116
350000000 0.016247 29.863578 0.000115
350000000 0.015369 29.865170 0.000116
350000000 0.015104 29.866953 0.000117
350000000 0.016170 29.868321 0.000115
350000000 0.014837 29.862901 0.000115
350000000 0.015203 29.865379 0.000115
350000000 0.015169 29.862788 0.000115
350000000 0.014891 29.865315 0.000116
350000000 0.015377 29.867055 0.000115
350000000 0.015239 29.867178 0.000116
350000000 0.015301 29.863062 0.000116
350000000 0.015224 29.864241 0.000116
350000000 0.015251 29.866153 0.000115
350000000 0.015299 29.864085 0.000115
