50000000 0.017068 2.143565 0.000064
50000000 0.017228 2.140046 0.000032
50000000 0.017447 2.141100 0.000065
50000000 0.016588 2.148585 0.000064
50000000 0.017038 2.143270 0.000065
50000000 0.016980 2.140573 0.000044
50000000 0.016283 2.141843 0.000029
50000000 0.016350 2.148043 0.000065
50000000 0.016849 2.140113 0.000048
50000000 0.016519 2.142151 0.000064
50000000 0.016566 2.143489 0.000063
50000000 0.016059 2.140636 0.000045
50000000 0.016407 2.144527 0.000064
50000000 0.016391 2.146605 0.000065
50000000 0.016629 2.142500 0.000062
50000000 0.017158 2.141406 0.000061
50000000 0.016502 2.141428 0.000068
50000000 0.016788 2.143511 0.000066
50000000 0.016273 2.142381 0.000061
50000000 0.016111 2.143961 0.000034
