250000000 0.016357 10.666636 0.000106
250000000 0.016530 10.664438 0.000105
250000000 0.016097 10.666663 0.000105
250000000 0.016461 10.668131 0.000112
250000000 0.016992 10.664797 0.000104
250000000 0.016479 10.671300 0.000105
250000000 0.016570 10.667052 0.000139
250000000 0.016340 10.669064 0.000103
250000000 0.016434 10.665039 0.000105
250000000 0.016363 10.662981 0.000106
250000000 0.016691 10.668922 0.000104
250000000 0.016970 10.666988 0.000105
250000000 0.016149 10.664691 0.000105
250000000 0.016457 10.664718 0.000104
250000000 0.016816 10.663310 0.000106
250000000 0.016558 10.663583 0.000106
250000000 0.016255 10.665068 0.000104
250000000 0.016347 10.667533 0.000105
250000000 0.016901 10.667402 0.000104
250000000 0.016692 10.665357 0.000103
