500000000 0.016600 21.322622 0.000106
500000000 0.016734 21.315882 0.000103
500000000 0.016724 21.317961 0.000106
500000000 0.016546 21.323587 0.000105
500000000 0.016910 21.321478 0.000104
500000000 0.016769 21.321554 0.000104
500000000 0.016386 21.330096 0.000110
500000000 0.016751 21.321995 0.000105
500000000 0.016242 21.319428 0.000106
500000000 0.016498 21.316394 0.000106
500000000 0.017071 21.317857 0.000106
500000000 0.016296 21.320143 0.000104
500000000 0.016796 21.315604 0.000105
500000000 0.016523 21.316922 0.000105
500000000 0.016452 21.317353 0.000105
500000000 0.016766 21.315214 0.000106
500000000 0.016202 21.317192 0.000133
500000000 0.016503 21.321108 0.000108
500000000 0.016467 21.315783 0.000104
500000000 0.016674 21.318890 0.000104
