
200000000 0.016584 17.048947 0.000118

200000000 0.016382 17.052307 0.000116

200000000 0.016794 17.048625 0.000114

200000000 0.016417 17.048455 0.000120

200000000 0.016874 17.048495 0.000115

200000000 0.017067 17.048548 0.000116

200000000 0.017019 17.048740 0.000117

200000000 0.016684 17.048531 0.000116

200000000 0.016620 17.048558 0.000117

200000000 0.016958 17.048356 0.000116

200000000 0.016675 17.049198 0.000116

200000000 0.017019 17.048587 0.000116

200000000 0.016894 17.048564 0.000115

200000000 0.016782 17.048489 0.000116

200000000 0.017048 17.048615 0.000116

200000000 0.016706 17.048504 0.000115

200000000 0.017146 17.048539 0.000115

200000000 0.017107 17.048416 0.000116

200000000 0.016764 17.048701 0.000117

200000000 0.016672 17.048559 0.000116
