300000000 0.016294 25.601992 0.000121
300000000 0.015368 25.602839 0.000116
300000000 0.015377 25.607626 0.000116
300000000 0.015946 25.607558 0.000117
300000000 0.015301 25.605595 0.000117
300000000 0.015556 25.604982 0.000117
300000000 0.016200 25.609704 0.000116
300000000 0.015323 25.606841 0.000117
300000000 0.015528 25.611171 0.000116
300000000 0.015234 25.605014 0.000118
300000000 0.015281 25.603026 0.000117
300000000 0.015810 25.606293 0.000118
300000000 0.015422 25.613462 0.000119
300000000 0.015781 25.607117 0.000116
300000000 0.015097 25.611032 0.000120
300000000 0.017415 25.604433 0.000116
300000000 0.016016 25.602933 0.000118
300000000 0.015267 25.605664 0.000121
300000000 0.015616 25.610590 0.000118
300000000 0.015409 25.603474 0.000118
